[gd_scene load_steps=8 format=3 uid="uid://cbf1rvdo8ic4s"]

[ext_resource type="PackedScene" uid="uid://c8l60rnugru40" path="res://addons/godot-xr-tools/objects/pickable.tscn" id="1_nm22y"]
[ext_resource type="Script" path="res://components/objects/weapons/grab_scuba_knife.gd" id="2_a8iep"]
[ext_resource type="PackedScene" uid="uid://buvcp6s7wr4e4" path="res://assets/digitaln8m4r3/scuba_knife/model/knife.glb" id="3_y1ycd"]
[ext_resource type="PackedScene" uid="uid://c25yxb0vt53vc" path="res://addons/godot-xr-tools/objects/grab_points/grab_point_hand_left.tscn" id="4_o8oq5"]
[ext_resource type="PackedScene" uid="uid://ctw7nbntd5pcj" path="res://addons/godot-xr-tools/objects/grab_points/grab_point_hand_right.tscn" id="5_3kkmt"]
[ext_resource type="Material" uid="uid://dc1bg8qgmbxkk" path="res://components/objects/weapons/materials/pallete.tres" id="6_yayxu"]

[sub_resource type="ConvexPolygonShape3D" id="ConvexPolygonShape3D_42qgu"]
points = PackedVector3Array(-0.00913571, -0.118936, 0.00795697, 0.00487857, 0.0212145, 0.0313214, 0.00955, 0.0212145, 0.0266463, -0.00446246, 0.170671, -0.015391, 0.00955, -0.109571, -0.0200606, -0.00913571, -0.109571, -0.0200606, -0.00913571, 0.0212145, 0.0313214, 0.00487857, 0.180036, -0.00137674, 0.00487857, -0.104918, 0.0266463, 0.00955, 0.0212145, -0.0247357, -0.00913571, 0.0212145, -0.0247357, -0.00446246, 0.147288, 0.0173071, 0.00955, -0.118936, 0.00795697, -0.00446246, -0.0815643, 0.0313214, 0.00487857, 0.147288, 0.0173071, -0.00446246, -0.104918, -0.0247357, 0.00487857, 0.170671, -0.015391, -0.00913571, -0.109571, 0.0219767, 0.00955, -0.0815643, 0.0266463, -0.00446246, 0.180036, -0.00137674, -0.00913571, -0.118936, -0.0107214, 0.00487857, -0.104918, -0.0247357, 0.00487857, -0.0815643, 0.0313214, 0.00955, -0.118936, -0.0107214, -0.00446246, 0.170671, 0.00795697, 0.00487857, -0.114253, 0.0219767, -0.00446246, 0.180036, -0.0107214, -0.00913571, -0.0908998, 0.0266463, 0.00487857, 0.170671, 0.00795697, 0.00487857, 0.109917, 0.0219767, 0.00955, -0.104918, 0.0219767, 0.00487857, 0.180036, -0.0107214)

[node name="ScubaKnife" groups=["Knife"] instance=ExtResource("1_nm22y")]
freeze = true
script = ExtResource("2_a8iep")

[node name="GrabPointHandLeft" parent="." index="0" instance=ExtResource("4_o8oq5")]
transform = Transform3D(1, 0, 0, 0, 0.986286, -0.165048, 0, 0.165048, 0.986286, 0.0119725, 0.00754302, -0.0829605)

[node name="GrabPointHandRight" parent="." index="1" instance=ExtResource("5_3kkmt")]
transform = Transform3D(1, 0, 0, 0, 0.986286, -0.165048, 0, 0.165048, 0.986286, -0.012, 0.008, -0.083)

[node name="GrabPointGripLeft" parent="." index="2" instance=ExtResource("4_o8oq5")]
transform = Transform3D(-1, 2.23517e-08, 2.98023e-08, 0, -0.976296, 0.21644, -5.96046e-08, 0.21644, 0.976296, -0.00585835, -0.114333, -0.0805154)

[node name="GrabPointGripRight" parent="." index="3" instance=ExtResource("5_3kkmt")]
transform = Transform3D(-1, 7.4522e-08, -5.81918e-08, -8.53505e-08, -0.976296, 0.21644, -4.06829e-08, 0.21644, 0.976296, 0.006, -0.114, -0.081)

[node name="CollisionShape3D" parent="." index="4"]
shape = SubResource("ConvexPolygonShape3D_42qgu")

[node name="knife" parent="." index="5" instance=ExtResource("3_y1ycd")]

[node name="Knife" parent="knife" index="0"]
material_override = ExtResource("6_yayxu")

[editable path="knife"]
